000000014073434000000085000007385930008            2021030600
000000014074415000000167000007385930026            2021030600
000000014075152000000189400007385930068            2021030600
000000014075198000000171000007385930029            2021030600
000000014076593000000189400007385930068            2021030600
000000014076658000000230000007385829565            2021030600
000000014077374000000189400007385930068            2021030600
000000014078060000000160000007385829565            2021030600
000000014078085000000175000007385829565            2021030690
000000014078625000000180000007385930026            2021030600
000000014078631000000175000007385829565            2021030600
000000014078650000000175000007385829565            2021030690
000000014078937000000160000007385829565            2021030700
000000014080938000000205000007385940150            2021030800
000000014081368000000109000007385930017            2021030800
000000014082199000000270700007385930068            2021030800
000000014082559000000095000007385930007            2021030800
000000014084026000000189400007385930068            2021030800
000000014087995000000148000007385900319            2021030800
000000014089857000000189400007385930068            2021030800
000000014091373000000270700007385930068            2021030890
000000014093459000000154840007385930068            2021030800
000000014094572000000113000007385930030            2021030800
000000014095731000000189500007385930068            2021030800
000000014096828000000190000007385930016            2021030800
000000014099773000000177087007385900302            2021030890
000000014100846000000189400007385930068            2021030890
000000014101058000000184200007385930102            2021030800
000000014101871000000245000007385829565            2021030800
000000014101874000000175000007385829565            2021030800
000000014102618000000039900007385930068            2021030800
000000014103372000000261700007385930068            2021030800
000000014103694000000245000007385829565            2021030890
000000014104254000000280000007385930023            2021030800
000000014104629000000215000007385930009            2021030800
000000014105290000000170000007385940150            2021030800
000000014105412000000123500007385930023            2021030800
000000014109430000000160000007385829565            2021030800
000000014111188000000215000007385930023            2021030800
000000014112612000000210000007385930026            2021030800
000000014112616000000257300007385930068            2021030800
000000014112929000000275000007385930023            2021030800
000000014113588000000300000007385930016            2021030800
000000014114846000000160000007385829565            2021030890
000000014115111000000369000007385829565            2021030800
