000000033974683000000020000000000000001529683602   20191115  
000000034077707000000010000000000000001529683602   20191114  
000000033998283000000010000000000000001529683602   20191108  
000000033714547000000040000000000000001529588399   20191031  
000000033907521000000020000000000000001529459169   20191104  
000000033977016000000020000000000000001529422334   20191121  
000000034120509000000010000000000000001529422334   20191121  
000000033892787000000015000000000000001529422334   20191101  
000000033777930000000027700000000000001528136046   20191031  
000000033888374000000008900000000000001529462431   20191111  
000000033832179000000009900000000000001529462431   20191105  
000000033832152000000019900000000000001529462431   20191105  
000000033865592000000009900000000000001529462431   20191105  
000000033834499000000019900000000000001529462431   20191107  
000000033866668000000009900000000000001529462431   20191107  
000000033867776000000009900000000000001529462431   20191108  
000000034048057000000009900000000000001529462431   20191119  
000000033881880000000008900000000000001529462431   20191111  
000000033834526000000009900000000000001529462431   20191107  
000000034040542000000009900000000000001529462431   20191115  
000000033842001000000019900000000000001529462431   20191111  
000000033837802000000019900000000000001529462431   20191108  
000000033794254000000079900000000000001529454464   20191105  
000000033922067000000045000000000000001529482649   20191105  
000000033862858000000035000000000000001529482649   20191105  
000000033862542000000030000000000000001529482649   20191107  
000000034079666000000090000000000000001529460967   20191115  
000000034098775000000011000000000000001529589892   20191115  
000000034119464000000010000000000000001529438745   20191121  
000000033857746000000018500000000000001529430842   20191115  
000000033857759000000073000000000000001529430842   20191115  
000000034096274000000015000000000000001529430842   20191115  
000000034118911000000100000000000000001529435592   20191121  
000000033672274000000015000000000000001529651319   20191025  
000000033707141000000010000000000000001529651319   20191028  
000000033766600000000010000000000000001529652204   20191030  
000000033672995000000015000000000000001529652204   20191025  
000000033745847000000010000000000000001529652204   20191029  
000000034079637000000060000000000000001529453603   20191115  
000000034065607000000025000000000000001529454009   20191113  
000000033618800000000010000000000000001529466886   20191023  
000000034119621000000010000000000000001529466886   20191121  
000000033631302000000010000000000000001529466886   20191024  
000000034079077000000110000000000000001529550442   20191114  
000000034111521000000015000000000000001529486203   20191120  
000000033716406000000040000000000000001526181844   20191105  
000000034112374000000015000000000000001529611165   20191120  
000000034110012000000015000000000000001529387488   20191120  
000000034060327000000025000000000000001529570620   20191113  
000000034048405000000015000000000000001529570620   20191112  
000000034061227000000025000000000000001529475251   20191113  
